0.000000 -0.242892
0.125000 -0.311825
0.250000 -0.246652
0.375000 -0.251665
0.500000 -0.398805
0.625000 -0.456457
0.750000 -0.316086
0.875000 -0.364714
1.000000 -0.571261
1.125000 -0.531155
1.250000 -0.390783
1.375000 -0.346416
1.500000 -0.479017
1.625000 -0.524387
1.750000 -0.465230
1.875000 -0.286006
2.000000 -0.390031
2.125000 -0.375242
2.250000 -0.275980
2.375000 -0.255676
2.500000 -0.184989
2.625000 -0.129091
2.750000 -0.019301
2.875000 0.024565
3.000000 0.098510
3.125000 0.085225
3.250000 0.149395
3.375000 0.254924
3.500000 0.362458
3.625000 0.394794
3.750000 0.216823
3.875000 0.419359
4.000000 0.354939
4.125000 0.557223
4.250000 0.436153
4.375000 0.498067
4.500000 0.543938
4.625000 0.568754
4.750000 0.439412
4.875000 0.330875
5.000000 0.312827
5.125000 0.467987
5.250000 0.302801
5.375000 0.209805
5.500000 0.258183
5.625000 0.255175
5.750000 0.170200
5.875000 0.106532
6.000000 0.048629
6.125000 -0.038101
6.250000 -0.100766
6.375000 -0.149646
6.500000 -0.149896
6.625000 -0.147139
6.750000 -0.301798
6.875000 -0.253671
7.000000 -0.450942
7.125000 -0.344912
7.250000 -0.413594
7.375000 -0.563239
7.500000 -0.561234
7.625000 -0.500072
7.750000 -0.573517
7.875000 -0.559730
8.000000 -0.558226
8.125000 -0.462724
8.250000 -0.316336
8.375000 -0.404570
8.500000 -0.515363
8.625000 -0.460468
8.750000 -0.248407
8.875000 -0.205042
9.000000 -0.225597
9.125000 -0.034090
9.250000 -0.044869
9.375000 0.024314
9.500000 0.066676
9.625000 0.158670
9.750000 0.144883
9.875000 0.277233
10.000000 0.265452
10.125000 0.376245
10.250000 0.280241
10.375000 0.356192
10.500000 0.454702
10.625000 0.559730
10.750000 0.447934
10.875000 0.340400
11.000000 0.508344
11.125000 0.567751
11.250000 0.583543
11.375000 0.572514
11.500000 0.615127
11.625000 0.328118
11.750000 0.388026
11.875000 0.422367
12.000000 0.373237
12.125000 0.288012
12.250000 0.183736
12.375000 0.091241
12.500000 0.004261
12.625000 -0.049631
12.750000 -0.127086
12.875000 -0.211058
13.000000 -0.204792
13.125000 -0.379253
13.250000 -0.376245
13.375000 -0.507843
13.500000 -0.480771
13.625000 -0.626908
13.750000 -0.663755
13.875000 -0.703109
14.000000 -0.685312
14.125000 -0.689573
14.250000 -0.636433
14.375000 -0.710629
14.500000 -0.695840
14.625000 -0.505086
14.750000 -0.576775
14.875000 -0.475257
15.000000 -0.322102
15.125000 -0.224093
15.250000 -0.220834
15.375000 -0.248908
15.500000 -0.126083
15.625000 -0.033589
15.750000 -0.001253
15.875000 0.083721
16.000000 0.103022
16.125000 0.143379
16.250000 0.322102
16.375000 0.288764
16.500000 0.236375
16.625000 0.305809
16.750000 0.258183
16.875000 0.293276
17.000000 0.407327
17.125000 0.845486
17.250000 0.797860
17.375000 0.638689
17.500000 0.730933
17.625000 0.532659
17.750000 0.516115
17.875000 0.340149
18.000000 0.645457
18.125000 0.196018
18.250000 0.582540
18.375000 0.222338
18.500000 0.442420
18.625000 0.415098
18.750000 0.321350
18.875000 0.207799
19.000000 0.076703
19.125000 -0.050133
19.250000 -0.176216
19.375000 -0.308065
19.500000 -0.420111
19.625000 -0.524387
19.750000 -0.619639
19.875000 -0.527144
20.000000 -0.589058
20.125000 -0.642449
20.250000 -0.403567
20.375000 -0.602343
20.500000 -0.738453
20.625000 -0.747477
20.750000 -0.429385
20.875000 -0.269212
21.000000 -0.319595
21.125000 -0.256929
21.250000 -0.341403
21.375000 -0.308315
21.500000 -0.160424
21.625000 -0.234119
21.750000 -0.329120
21.875000 -0.123827
22.000000 -0.112798
22.125000 -0.223842
22.250000 -0.085727
22.375000 0.109038
22.500000 0.171955
22.625000 0.336139
22.750000 0.469491
22.875000 0.594572
23.000000 0.742463
23.125000 0.857518
23.250000 0.673531
23.375000 0.850248
23.500000 0.431641
23.625000 1.147534
23.750000 1.224989
23.875000 1.249053
24.000000 1.121716
24.125000 0.835961
24.250000 0.957031
24.375000 0.775551
24.500000 0.222338
24.625000 0.670523
24.750000 0.382762
24.875000 0.646710
25.000000 0.265452
25.125000 0.101268
25.250000 0.137113
25.375000 0.115054
25.500000 -0.020554
25.625000 -0.055647
25.750000 -0.152152
25.875000 -0.262193
26.000000 -0.232364
26.125000 -0.229607
26.250000 -0.504083
26.375000 -0.965052
26.500000 -0.970817
26.625000 -0.956279
26.750000 -1.250056
26.875000 -0.601591
27.000000 -0.757002
27.125000 -0.939986
27.250000 -1.126228
27.375000 -0.744719
27.500000 -0.557725
27.625000 -1.333526
27.750000 -0.811897
27.875000 -0.461721
28.000000 -0.545442
28.125000 -0.880579
28.250000 -0.129342
28.375000 -0.136361
28.500000 -0.080964
28.625000 0.009525
28.750000 0.057903
28.875000 0.060911
29.000000 0.148142
29.125000 0.259185
29.250000 0.244647
29.375000 0.221837
29.500000 0.479769
29.625000 0.445428
29.750000 0.398053
29.875000 1.084367
30.000000 1.017440
30.125000 0.722661
30.250000 0.290268
30.375000 0.282497
30.500000 0.450190
30.625000 0.745973
30.750000 1.428026
30.875000 1.386917
31.000000 0.657739
31.125000 0.780313
31.250000 0.394543
31.375000 0.623900
31.500000 0.285004
31.625000 0.221586
31.750000 0.434399
31.875000 0.028576
32.000000 -0.027072
32.125000 -0.011029
32.250000 -0.128339
32.375000 -0.275478
32.500000 -0.287761
32.625000 -0.463977
32.750000 -0.562989
32.875000 -0.959287
33.000000 -0.879325
33.125000 -0.965553
33.250000 -1.036741
33.375000 -1.270359
33.500000 -1.134751
33.625000 -0.958785
33.750000 -1.175358
33.875000 -0.960540
34.000000 -0.938732
34.125000 -1.120964
34.250000 -0.661750
34.375000 -0.335638
34.500000 -0.594071
34.625000 -0.237378
34.750000 -0.889352
34.875000 -0.463977
35.000000 -0.170451
35.125000 -0.036847
35.250000 0.017045
35.375000 0.069684
35.500000 0.123827
35.625000 0.167192
35.750000 0.193512
35.875000 0.254924
36.000000 0.806633
36.125000 0.522381
36.250000 0.873560
36.375000 0.496062
36.500000 0.302049
36.625000 1.117204
36.750000 1.513753
36.875000 1.621788
37.000000 0.971318
37.125000 0.411087
37.250000 0.540429
37.375000 0.283750
37.500000 0.258183
37.625000 0.667766
37.750000 0.831449
37.875000 0.378752
38.000000 0.114052
38.125000 0.735695
38.250000 0.107033
38.375000 0.053141
38.500000 0.200781
38.625000 0.227101
38.750000 0.024064
38.875000 -0.156163
39.000000 -0.399807
39.125000 -0.587554
39.250000 -0.231863
39.375000 -0.305558
39.500000 -0.751236
39.625000 -0.836963
39.750000 -0.696091
39.875000 -0.739205
40.000000 -1.017190
40.125000 -1.049525
40.250000 -1.609005
40.375000 -1.072336
40.500000 -1.063312
40.625000 -1.578925
40.750000 -1.552856
40.875000 -1.466879
41.000000 -1.625548
41.125000 -0.815156
41.250000 -1.307708
41.375000 -0.803625
41.500000 -0.838718
41.625000 -0.664006
41.750000 -0.082969
41.875000 -0.281494
42.000000 -0.042111
42.125000 0.129593
42.250000 0.233116
42.375000 0.383765
42.500000 0.503832
42.625000 0.293526
42.750000 0.241138
42.875000 0.257681
43.000000 0.270215
43.125000 0.383013
43.250000 1.285900
43.375000 1.040501
43.500000 0.404820
43.625000 0.296534
43.750000 0.591063
43.875000 0.804377
44.000000 1.382405
44.125000 1.615522
44.250000 1.797002
44.375000 1.409477
44.500000 1.465876
44.625000 1.308460
44.750000 0.984353
44.875000 0.800366
45.000000 0.281244
45.125000 0.563490
45.250000 0.912663
45.375000 1.551854
45.500000 1.105423
45.625000 0.186994
45.750000 1.765168
45.875000 1.729574
46.000000 0.245650
46.125000 1.623292
46.250000 -0.471747
46.375000 -0.727173
46.500000 -1.041003
46.625000 -1.700747
46.750000 -1.765168
46.875000 -1.806778
47.000000 -0.589810
47.125000 -0.828942
47.250000 -0.555970
47.375000 -1.717792
47.500000 -0.194514
47.625000 -1.244792
47.750000 -0.863784
47.875000 -0.220333
48.000000 -1.362102
48.125000 -0.761514
48.250000 -0.431140
48.375000 -0.546445
48.500000 -0.104276
48.625000 -0.494056
48.750000 -0.425124
48.875000 -0.765775
49.000000 -0.731685
49.125000 -0.443924
49.250000 -0.409332
49.375000 -0.418106
49.500000 0.328368
49.625000 1.772938
49.750000 1.626551
49.875000 0.549704
50.000000 0.268460
50.125000 0.265703
50.250000 2.161716
50.375000 2.277522
50.500000 0.557725
50.625000 0.795854
50.750000 0.336640
50.875000 -0.393791
51.000000 -0.321600
51.125000 -0.647211
51.250000 -0.480521
51.375000 0.879325
51.500000 0.345413
51.625000 0.698096
51.750000 0.472249
51.875000 0.236876
52.000000 -0.006768
52.125000 -0.224093
52.250000 -0.540680
52.375000 -0.809390
52.500000 -1.067322
52.625000 -1.154052
52.750000 -1.099156
52.875000 -1.767424
53.000000 -1.872201
53.125000 -1.754890
53.250000 -2.216110
53.375000 -1.553859
53.500000 -2.251203
53.625000 -1.995276
53.750000 -0.579031
53.875000 -0.828190
54.000000 -2.306098
54.125000 -2.111333
54.250000 -1.992268
54.375000 -0.647462
54.500000 -1.154052
54.625000 -1.470388
54.750000 -1.102916
54.875000 -0.685062
55.000000 -0.642950
55.125000 -0.402565
55.250000 -0.194765
55.375000 0.105529
55.500000 0.353435
55.625000 0.500323
55.750000 0.839219
55.875000 1.200174
56.000000 1.450586
56.125000 1.649863
56.250000 1.300439
56.375000 1.058048
56.500000 1.124724
56.625000 1.576168
56.750000 2.025105
56.875000 2.065211
57.000000 0.578028
57.125000 2.374028
57.250000 2.453738
57.375000 2.373526
57.500000 1.911805
57.625000 2.043153
57.750000 0.256428
57.875000 0.215319
58.000000 0.182483
58.125000 0.393791
58.250000 0.957031
58.375000 0.590311
58.500000 0.099513
58.625000 0.006768
58.750000 -0.090740
58.875000 -0.375994
59.000000 -0.442420
59.125000 -0.766778
59.250000 -0.506339
59.375000 -0.267708
59.500000 -0.289766
59.625000 -0.312827
59.750000 -1.102164
59.875000 -1.166334
60.000000 -1.640338
60.125000 -1.246296
60.250000 -0.877320
60.375000 -0.577527
60.500000 -0.824179
60.625000 -0.350677
60.750000 -0.799364
60.875000 -0.716645
61.000000 -0.662502
61.125000 -0.246151
61.250000 -0.351931
61.375000 -0.702107
61.500000 -0.380005
61.625000 -0.430889
61.750000 -0.181229
61.875000 -0.008773
62.000000 0.019050
62.125000 0.102521
62.250000 0.650470
62.375000 0.814404
62.500000 1.189395
62.625000 0.524888
62.750000 0.872056
62.875000 0.446932
63.000000 0.470745
63.125000 0.331627
63.250000 0.350176
63.375000 0.561485
63.500000 0.364714
63.625000 1.621037
63.750000 1.616274
63.875000 1.591458
64.000000 0.332630
64.125000 0.313329
64.250000 1.016688
64.375000 1.290914
64.500000 0.571010
64.625000 0.211559
64.750000 0.457209
64.875000 0.751988
65.000000 0.158168
65.125000 0.056650
65.250000 0.023562
65.375000 -0.047877
65.500000 -0.147891
65.625000 -0.111545
65.750000 -0.340400
65.875000 -0.183235
66.000000 -0.340149
66.125000 -0.580786
66.250000 -0.933719
66.375000 -1.718043
66.500000 -2.102058
66.625000 -2.205833
66.750000 -1.161321
66.875000 -1.179619
67.000000 -0.823427
67.125000 -1.604493
67.250000 -1.982492
67.375000 -2.309607
67.500000 -1.432538
67.625000 -0.983350
67.750000 -1.566141
67.875000 -1.711275
68.000000 -1.248301
68.125000 -0.269713
68.250000 -0.213815
68.375000 -0.690075
68.500000 -0.413092
68.625000 -0.132099
68.750000 0.107534
68.875000 0.380757
69.000000 0.755748
69.125000 0.677542
69.250000 0.276982
69.375000 1.258327
69.500000 1.724560
69.625000 0.932215
69.750000 1.980236
69.875000 2.106069
70.000000 1.123471
70.125000 2.382550
70.250000 2.312365
70.375000 2.312114
70.500000 2.410123
70.625000 2.243432
70.750000 2.164975
70.875000 1.783466
71.000000 2.021094
71.125000 1.223235
71.250000 1.095647
71.375000 1.381152
71.500000 0.593820
71.625000 0.937730
71.750000 0.432644
71.875000 0.352683
72.000000 0.073444
72.125000 -0.175213
72.250000 -0.430388
72.375000 -0.663003
72.500000 -0.508846
72.625000 -0.630918
72.750000 -0.741210
72.875000 -1.441311
73.000000 -0.921687
73.125000 -1.359094
73.250000 -0.724666
73.375000 -0.492302
73.500000 -0.100516
73.625000 -0.248407
73.750000 -0.677040
73.875000 -1.240280
74.000000 -1.290162
74.125000 -0.600588
74.250000 -0.248658
74.375000 -1.081359
74.500000 -1.894760
74.625000 -0.385269
74.750000 -0.565245
74.875000 -2.045910
75.000000 -1.135503
75.125000 -0.407076
75.250000 -0.565746
75.375000 -0.546946
75.500000 -0.522131
75.625000 -1.361350
75.750000 0.131097
75.875000 0.120569
76.000000 0.158920
76.125000 1.286402
76.250000 0.565245
76.375000 0.257180
76.500000 0.673280
76.625000 1.420005
76.750000 1.870947
76.875000 0.767028
77.000000 0.337643
77.125000 0.478014
77.250000 1.004155
77.375000 1.302444
77.500000 1.211704
77.625000 0.215319
77.750000 1.182878
77.875000 0.877069
78.000000 0.498067
78.125000 0.527144
78.250000 0.373738
78.375000 0.261441
78.500000 0.314081
78.625000 0.387023
78.750000 0.460718
78.875000 0.246151
79.000000 0.301547
79.125000 0.613873
79.250000 0.342405
79.375000 0.476761
79.500000 0.313579
79.625000 -0.740709
79.750000 -0.370480
79.875000 -0.290268
80.000000 -0.647963
80.125000 -1.288658
80.250000 -1.633570
80.375000 -1.331772
80.500000 -1.329265
80.625000 -1.623292
80.750000 -1.863427
80.875000 -1.782463
81.000000 -1.430783
81.125000 -1.551854
81.250000 -0.742965
81.375000 -0.661249
81.500000 -1.002902
81.625000 -0.577778
81.750000 -0.329120
81.875000 -0.281996
82.000000 -0.153907
82.125000 0.073695
82.250000 0.195016
82.375000 0.252417
82.500000 0.503331
82.625000 0.474505
82.750000 0.172707
82.875000 0.200530
83.000000 1.004907
83.125000 1.368368
83.250000 1.664903
83.375000 0.927452
83.500000 0.316587
83.625000 1.904035
83.750000 1.622039
83.875000 1.320993
84.000000 1.584440
84.125000 1.258327
84.250000 0.665760
84.375000 1.124975
84.500000 1.232509
84.625000 1.287154
84.750000 0.814654
84.875000 0.687568
85.000000 0.747226
85.125000 0.527896
85.250000 0.284001
85.375000 0.083220
85.500000 -0.102521
85.625000 -0.374741
85.750000 -0.603095
85.875000 -0.508344
86.000000 -0.961793
86.125000 -1.202931
86.250000 -1.363606
86.375000 -1.423765
86.500000 -1.334278
86.625000 -0.600337
86.750000 -0.266956
86.875000 -0.280492
87.000000 -0.671526
87.125000 -0.297286
87.250000 -0.679798
87.375000 -1.218221
87.500000 -0.309318
87.625000 -0.301297
87.750000 -1.047520
87.875000 -0.253169
88.000000 -0.251916
88.125000 -0.225095
88.250000 -0.478515
88.375000 -0.579282
88.500000 -0.339397
88.625000 -0.230610
88.750000 -0.009275
88.875000 0.170701
89.000000 0.354187
89.125000 0.065172
89.250000 0.171203
89.375000 0.343157
89.500000 1.217720
89.625000 0.474505
89.750000 1.009670
89.875000 0.688571
90.000000 1.284647
90.125000 0.983100
90.250000 1.220227
90.375000 1.386917
90.500000 1.234514
90.625000 1.011675
90.750000 1.370123
90.875000 1.260333
91.000000 1.194659
91.125000 1.104420
91.250000 0.755999
91.375000 0.919181
91.500000 0.782068
91.625000 0.461972
91.750000 0.286257
91.875000 0.163683
92.000000 0.078207
92.125000 0.034090
92.250000 -0.072191
92.375000 -0.226098
92.500000 -0.081465
92.625000 -0.198024
92.750000 -0.529149
92.875000 -0.687568
93.000000 -0.312326
93.125000 -0.480521
93.250000 -0.257932
93.375000 -0.427631
93.500000 -0.580034
93.625000 -0.596578
93.750000 -0.603847
93.875000 -0.602092
94.000000 -0.779060
94.125000 -0.572765
94.250000 -0.906647
94.375000 -1.001649
94.500000 -0.763519
94.625000 -0.930460
94.750000 -0.810644
94.875000 -0.702608
95.000000 -0.533410
95.125000 -0.154910
95.250000 -0.127086
95.375000 -0.048127
95.500000 0.092495
95.625000 0.236626
95.750000 0.165688
95.875000 0.577276
96.000000 0.134857
96.125000 0.480521
96.250000 0.549453
96.375000 0.351179
96.500000 0.364965
96.625000 0.530653
96.750000 0.739706
96.875000 0.965553
97.000000 1.173854
97.125000 1.173353
97.250000 1.295676
97.375000 0.945751
97.500000 0.306310
97.625000 0.526643
97.750000 0.802121
97.875000 0.584295
98.000000 0.519123
98.125000 0.720656
98.250000 0.458212
98.375000 0.455204
98.500000 0.296033
98.625000 0.111796
98.750000 0.039605
98.875000 -0.051887
99.000000 -0.029077
99.125000 -0.142376
99.250000 -0.364213
99.375000 -0.327115
99.500000 -0.283249
99.625000 -0.318592
99.750000 -0.247655
99.875000 -1.178366
100.000000 -0.903138
100.125000 -1.287655
100.250000 -1.314727
100.375000 -0.940988
100.500000 -1.261085
100.625000 -1.104420
100.750000 -1.200675
100.875000 -0.524387
101.000000 -1.115700
101.125000 -0.987110
101.250000 -0.671776
101.375000 -0.700101
101.500000 -0.589559
101.625000 -0.381258
101.750000 -0.370981
101.875000 -0.228103
102.000000 -0.032837
102.125000 0.005264
102.250000 0.102270
102.375000 0.122825
102.500000 0.168445
102.625000 0.210306
102.750000 0.469491
102.875000 0.680550
103.000000 0.592818
103.125000 0.814153
103.250000 0.863533
103.375000 1.184883
103.500000 0.552461
103.625000 1.248301
103.750000 1.121716
103.875000 1.106927
104.000000 1.206190
104.125000 1.154052
104.250000 0.813902
104.375000 1.013179
104.500000 0.316587
104.625000 0.281996
104.750000 0.405322
104.875000 0.153155
105.000000 0.246652
105.125000 0.101769
105.250000 0.064671
105.375000 -0.013285
105.500000 -0.143379
105.625000 -0.316587
105.750000 -0.400559
105.875000 -0.357195
106.000000 -0.548701
106.125000 -0.736197
106.250000 -0.284502
106.375000 -1.024459
106.500000 -0.356693
106.625000 -0.520125
106.750000 -0.408831
106.875000 -0.914669
107.000000 -0.566749
107.125000 -0.568002
107.250000 -0.562487
107.375000 -0.709626
107.500000 -0.847742
107.625000 -0.796606
107.750000 -0.977836
107.875000 -0.308566
108.000000 -0.417855
108.125000 -0.460718
108.250000 -0.358699
108.375000 -0.188749
108.500000 -0.118564
108.625000 -0.047125
108.750000 0.118062
108.875000 0.292273
109.000000 0.348672
109.125000 0.388527
109.250000 0.489294
109.375000 0.445679
109.500000 0.196520
109.625000 0.350928
109.750000 0.466734
109.875000 0.277734
110.000000 0.297537
110.125000 0.718400
110.250000 0.429887
110.375000 0.573517
110.500000 0.571511
110.625000 0.883837
110.750000 1.111690
110.875000 1.043259
111.000000 0.608609
111.125000 0.439161
111.250000 0.225095
111.375000 0.416602
111.500000 0.340651
111.625000 0.344411
111.750000 0.172707
111.875000 0.047125
112.000000 -0.091993
112.125000 -0.047626
112.250000 -0.390783
112.375000 -0.167944
112.500000 -0.430889
112.625000 -0.256679
112.750000 -0.192760
112.875000 -0.555469
113.000000 -0.200530
113.125000 -0.218578
113.250000 -0.313830
113.375000 -0.538925
113.500000 -0.330875
113.625000 -0.258183
113.750000 -0.344160
113.875000 -0.443924
114.000000 -0.703861
114.125000 -0.944748
114.250000 -0.877821
114.375000 -0.871555
114.500000 -0.758255
114.625000 -0.450942
114.750000 -0.375994
114.875000 -0.383765
115.000000 -0.240636
115.125000 -0.059908
115.250000 0.018298
115.375000 0.062916
115.500000 0.061162
115.625000 0.454201
115.750000 0.524136
115.875000 0.406324
116.000000 0.827939
116.125000 0.812649
116.250000 0.258935
116.375000 0.216322
116.500000 0.310822
116.625000 0.409082
116.750000 0.535666
116.875000 0.665760
117.000000 0.772543
117.125000 0.421615
117.250000 0.343909
117.375000 0.333382
117.500000 0.407828
117.625000 0.473502
117.750000 0.721658
117.875000 0.465481
118.000000 0.163683
118.125000 0.287260
118.250000 0.191506
118.375000 0.132601
118.500000 0.055146
118.625000 -0.051386
118.750000 -0.052138
118.875000 -0.124579
119.000000 -0.128339
119.125000 -0.429887
119.250000 -0.191757
119.375000 -0.308315
119.500000 -0.523635
119.625000 -0.663505
119.750000 -0.798612
119.875000 -0.579532
120.000000 -0.387525
120.125000 -0.606353
120.250000 -0.500574
120.375000 -0.404570
120.500000 -0.483779
120.625000 -0.388778
120.750000 -0.371482
120.875000 -0.644705
121.000000 -0.453449
121.125000 -0.391786
121.250000 -0.233367
121.375000 -0.185992
121.500000 -0.177720
121.625000 -0.112548
121.750000 -0.027824
121.875000 0.019301
122.000000 0.152654
122.125000 0.285004
122.250000 0.379754
122.375000 0.131849
122.500000 0.131849
122.625000 0.158670
122.750000 0.262945
122.875000 0.290518
123.000000 0.376746
123.125000 0.396298
123.250000 0.411338
123.375000 0.493304
123.500000 0.651723
123.625000 0.562487
123.750000 0.595575
123.875000 0.573767
124.000000 0.568754
124.125000 0.504083
124.250000 0.453449
124.375000 0.354688
124.500000 0.232364
124.625000 0.282748
124.750000 0.211559
124.875000 0.136611
125.000000 0.046122
125.125000 0.004763
125.250000 -0.094500
125.375000 -0.164435
125.500000 -0.165437
125.625000 -0.189501
125.750000 -0.285505
125.875000 -0.329622
126.000000 -0.357696
126.125000 -0.322352
126.250000 -0.419610
126.375000 -0.268460
126.500000 -0.290518
126.625000 -0.386522
126.750000 -0.296785
126.875000 -0.389530
127.000000 -0.485785
127.125000 -0.427631
127.250000 -0.444676
127.375000 -0.346165
127.500000 -0.346667
127.625000 -0.342155
127.750000 -0.162931
127.875000 -0.234119
128.000000 -0.105278
128.125000 -0.099012
128.250000 -0.047877
128.375000 -0.019301
128.500000 0.035343
128.625000 0.052639
128.750000 0.123075
128.875000 0.219079
129.000000 0.148392
129.125000 0.199778
129.250000 0.226349
129.375000 0.316838
129.500000 0.338645
129.625000 0.356693
129.750000 0.299542
129.875000 0.343408
130.000000 0.397301
130.125000 0.343408
130.250000 0.272972
130.375000 0.326363
130.500000 0.355691
130.625000 0.331627
130.750000 0.216573
130.875000 0.253169
131.000000 0.168947
131.125000 0.154659
131.250000 0.094500
131.375000 0.105278
131.500000 0.036346
131.625000 -0.001504
131.750000 -0.022058
131.875000 -0.062164
132.000000 -0.118564
132.125000 -0.138867
132.250000 -0.175464
132.375000 -0.172456
132.500000 -0.208802
132.625000 -0.257932
132.750000 -0.279990
132.875000 -0.287761
133.000000 -0.297787
133.125000 -0.258684
133.250000 -0.255676
133.375000 -0.256929
133.500000 -0.251916
133.625000 -0.238380
133.750000 -0.264449
133.875000 -0.203288
134.000000 -0.198024
134.125000 -0.164936
134.250000 -0.179976
134.375000 -0.133603
134.500000 -0.116558
134.625000 -0.073695
134.750000 -0.029077
134.875000 0.013285
135.000000 0.046623
135.125000 0.069434
135.250000 0.104276
135.375000 0.160926
135.500000 0.210807
135.625000 0.220082
135.750000 0.215821
135.875000 0.234119
136.000000 0.230108
136.125000 0.254673
136.250000 0.251916
136.375000 0.277734
136.500000 0.253420
136.625000 0.253420
136.750000 0.249660
136.875000 0.228103
137.000000 0.293777
137.125000 0.281244
137.250000 0.289014
137.375000 0.195517
137.500000 0.181731
137.625000 0.143128
137.750000 0.126334
137.875000 0.066175
138.000000 0.028325
138.125000 -0.014789
138.250000 -0.069935
138.375000 -0.097508
138.500000 -0.133854
138.625000 -0.162680
138.750000 -0.212562
138.875000 -0.246151
139.000000 -0.275729
139.125000 -0.281494
139.250000 -0.226349
139.375000 -0.247655
139.500000 -0.251415
139.625000 -0.242892
139.750000 -0.304305
139.875000 -0.338896
140.000000 -0.259687
140.125000 -0.398805
140.250000 -0.296283
140.375000 -0.345163
140.500000 -0.311073
140.625000 -0.247655
140.750000 -0.249159
140.875000 -0.143880
141.000000 -0.160174
141.125000 -0.099764
141.250000 -0.041109
141.375000 -0.003760
141.500000 0.086980
141.625000 0.111044
141.750000 0.118313
141.875000 0.217826
142.000000 0.262695
142.125000 0.317840
142.250000 0.355691
142.375000 0.299542
142.500000 0.310070
142.625000 0.324358
142.750000 0.294278
142.875000 0.250412
143.000000 0.246652
143.125000 0.337392
143.250000 0.227853
143.375000 0.418607
143.500000 0.306561
143.625000 0.248658
143.750000 0.203789
143.875000 0.169699
144.000000 0.202786
144.125000 0.108286
144.250000 0.092745
144.375000 0.136361
144.500000 0.066676
144.625000 -0.010528
144.750000 -0.090991
144.875000 -0.142878
145.000000 -0.199277
145.125000 -0.111796
145.250000 -0.230610
145.375000 -0.289265
145.500000 -0.258935
145.625000 -0.354688
145.750000 -0.401813
145.875000 -0.425876
146.000000 -0.383013
146.125000 -0.342907
146.250000 -0.302299
146.375000 -0.281494
146.500000 -0.331376
146.625000 -0.439913
146.750000 -0.290268
146.875000 -0.288012
147.000000 -0.187997
147.125000 -0.378501
147.250000 -0.337142
147.375000 -0.274726
147.500000 -0.166440
147.625000 -0.141374
147.750000 -0.066676
147.875000 0.005264
148.000000 0.078457
148.125000 0.116558
148.250000 0.110292
148.375000 0.183987
148.500000 0.194765
148.625000 0.251164
148.750000 0.236876
148.875000 0.297787
149.000000 0.263948
149.125000 0.416100
149.250000 0.408831
149.375000 0.345413
149.500000 0.304054
149.625000 0.324859
149.750000 0.375744
149.875000 0.420612
150.000000 0.394293
150.125000 0.251164
150.250000 0.228103
150.375000 0.189250
150.500000 0.246652
150.625000 0.258684
150.750000 0.058906
150.875000 0.062916
151.000000 0.026821
151.125000 -0.042111
151.250000 -0.080964
151.375000 -0.147640
151.500000 -0.181731
151.625000 -0.267207
151.750000 -0.245399
151.875000 -0.354688
152.000000 -0.430639
152.125000 -0.338144
152.250000 -0.233367
152.375000 -0.371482
152.500000 -0.329872
152.625000 -0.245900
152.750000 -0.244647
152.875000 -0.313579
153.000000 -0.330875
153.125000 -0.318342
153.250000 -0.378250
153.375000 -0.406575
153.500000 -0.368976
153.625000 -0.185741
153.750000 -0.332379
153.875000 -0.275228
154.000000 -0.210306
154.125000 -0.037349
154.250000 -0.063418
154.375000 -0.010277
154.500000 0.071690
154.625000 0.129843
154.750000 0.190504
154.875000 0.240887
155.000000 0.304054
155.125000 0.199778
155.250000 0.256428
155.375000 0.239884
155.500000 0.296534
155.625000 0.242642
155.750000 0.297787
155.875000 0.240887
156.000000 0.537421
156.125000 0.555218
156.250000 0.543437
156.375000 0.523885
156.500000 0.315083
156.625000 0.346667
156.750000 0.313329
156.875000 0.378752
157.000000 0.327867
157.125000 0.230359
157.250000 0.199528
157.375000 0.038101
157.500000 0.028826
157.625000 0.022058
157.750000 -0.045370
157.875000 -0.107534
158.000000 -0.132601
158.125000 -0.158920
158.250000 -0.184989
158.375000 -0.246151
158.500000 -0.264700
158.625000 -0.241138
158.750000 -0.311073
158.875000 -0.412340
159.000000 -0.428132
159.125000 -0.345915
159.250000 -0.346667
159.375000 -0.342907
159.500000 -0.267959
159.625000 -0.408580
159.750000 -0.303553
159.875000 -0.453198
160.000000 -0.503582
160.125000 -0.553714
160.250000 -0.320598
160.375000 -0.208802
160.500000 -0.162680
160.625000 -0.172707
160.750000 -0.062415
160.875000 0.017296
161.000000 0.039354
161.125000 0.090489
161.250000 0.118564
161.375000 0.212061
161.500000 0.194013
161.625000 0.225847
161.750000 0.462222
161.875000 0.555719
162.000000 0.573266
162.125000 0.652977
162.250000 0.689824
162.375000 0.604599
162.500000 0.732938
162.625000 0.682806
162.750000 0.597580
162.875000 0.213063
163.000000 0.198274
163.125000 0.929959
163.250000 0.877320
163.375000 0.206546
163.500000 0.244898
163.625000 0.410836
163.750000 0.536669
163.875000 0.136361
164.000000 0.089988
164.125000 0.206546
164.250000 0.083471
164.375000 -0.039855
164.500000 -0.142376
164.625000 -0.269713
164.750000 -0.284001
164.875000 -0.357947
165.000000 -0.572514
165.125000 -0.636433
165.250000 -0.650971
165.375000 -0.709376
165.500000 -0.715893
165.625000 -0.368976
165.750000 -0.284753
165.875000 -0.257180
166.000000 -0.253671
166.125000 -0.662753
166.250000 -1.061056
166.375000 -0.822926
166.500000 -0.204040
166.625000 -0.539928
166.750000 -0.992625
166.875000 -0.438159
167.000000 -0.511102
167.125000 -0.202786
167.250000 -0.045871
167.375000 -0.095252
167.500000 -0.037850
167.625000 -0.039354
167.750000 0.074698
167.875000 0.124579
168.000000 0.249159
168.125000 0.175715
168.250000 0.219330
168.375000 0.271969
168.500000 0.380757
168.625000 0.411588
168.750000 0.325360
168.875000 0.340400
169.000000 0.252417
169.125000 0.483027
169.250000 0.669520
169.375000 0.884088
169.500000 0.653979
169.625000 0.319344
169.750000 0.300795
169.875000 0.566247
170.000000 0.520125
170.125000 0.637185
170.250000 0.797358
170.375000 0.273974
170.500000 0.323856
170.625000 0.034591
170.750000 0.071188
170.875000 -0.025568
171.000000 -0.050634
171.125000 -0.168445
171.250000 -0.329622
171.375000 -0.336640
171.500000 -0.606855
171.625000 -0.497816
171.750000 -0.709626
171.875000 -0.624902
172.000000 -1.088127
172.125000 -1.100410
172.250000 -1.317233
172.375000 -0.772543
172.500000 -1.370875
172.625000 -1.381654
172.750000 -0.781567
172.875000 -0.253169
173.000000 -0.366469
173.125000 -0.339899
173.250000 -0.197522
173.375000 -0.177469
173.500000 -0.518621
173.625000 -0.607356
173.750000 -0.095252
173.875000 -0.061162
174.000000 -0.031333
174.125000 0.003008
174.250000 0.037349
174.375000 0.086479
174.500000 0.161176
174.625000 0.227351
174.750000 0.217575
174.875000 0.197773
175.000000 0.291772
175.125000 0.238380
175.250000 0.238631
175.375000 0.251415
175.500000 0.385018
175.625000 0.551208
175.750000 0.281996
175.875000 0.279238
176.000000 0.272470
176.125000 0.261441
176.250000 0.371984
176.375000 0.351429
176.500000 1.545838
176.625000 1.562131
176.750000 1.238776
176.875000 0.635681
177.000000 0.543437
177.125000 0.442169
177.250000 0.050383
177.375000 0.016794
177.500000 0.268711
177.625000 0.003509
177.750000 -0.136361
177.875000 -0.416100
178.000000 -0.634177
178.125000 -0.751988
178.250000 -0.754746
178.375000 -0.668267
178.500000 -0.534914
178.625000 -1.086623
178.750000 -1.439557
178.875000 -0.928204
179.000000 -0.675286
179.125000 -0.310321
179.250000 -0.465732
179.375000 -0.687819
179.500000 -1.307708
179.625000 -0.931964
179.750000 -0.224343
179.875000 -0.521128
180.000000 -0.296033
180.125000 -0.259937
180.250000 -0.563741
180.375000 -0.103774
180.500000 -0.134105
180.625000 -0.155160
180.750000 -0.263447
180.875000 -0.047375
181.000000 0.057652
181.125000 0.113550
181.250000 0.226349
181.375000 0.410335
181.500000 0.686315
181.625000 0.275228
181.750000 0.307062
181.875000 0.335387
182.000000 1.758400
182.125000 1.883230
182.250000 1.982743
182.375000 1.291916
182.500000 1.318486
182.625000 1.756144
182.750000 0.391285
182.875000 1.296177
183.000000 2.191044
183.125000 2.046662
183.250000 0.313078
183.375000 1.373632
183.500000 1.637580
183.625000 1.233261
183.750000 1.106175
183.875000 0.880328
184.000000 0.246151
184.125000 0.385018
184.250000 -0.002005
184.375000 -0.110292
184.500000 -0.115305
184.625000 -0.215821
184.750000 -0.441668
184.875000 -0.512355
185.000000 -0.404570
185.125000 -0.457460
185.250000 -1.408224
185.375000 -1.843124
185.500000 -1.220477
185.625000 -2.226387
185.750000 -1.748624
185.875000 -2.143669
186.000000 -2.347708
186.125000 -1.762661
186.250000 -1.959181
186.375000 -1.890750
186.500000 -1.414741
186.625000 -0.626156
186.750000 -0.349424
186.875000 -1.371627
187.000000 -1.388421
187.125000 -1.053285
187.250000 -0.756751
187.375000 -0.603596
187.500000 -0.333632
187.625000 -0.041109
187.750000 0.190754
187.875000 0.386522
188.000000 0.819667
188.125000 0.547949
188.250000 1.009169
188.375000 0.274726
188.500000 0.700603
188.625000 1.090133
188.750000 2.035131
188.875000 1.082362
189.000000 0.747978
189.125000 2.012572
189.250000 1.605245
189.375000 2.319634
189.500000 1.580429
189.625000 1.948653
189.750000 2.140159
189.875000 1.389925
190.000000 1.771184
190.125000 0.992374
190.250000 0.881331
190.375000 0.756751
190.500000 0.911410
190.625000 0.142376
190.750000 0.123075
190.875000 0.014789
191.000000 -0.036597
191.125000 -0.129593
191.250000 -0.445679
191.375000 -0.792596
191.500000 -0.582791
191.625000 -1.376640
191.750000 -0.925196
191.875000 -0.302801
192.000000 -0.785828
192.125000 -2.077494
192.250000 -2.239672
192.375000 -2.323143
192.500000 -2.316125
192.625000 -1.371126
192.750000 -1.367867
192.875000 -1.792991
193.000000 -2.282786
193.125000 -2.119104
193.250000 -1.992769
193.375000 -1.592962
193.500000 -1.583186
193.625000 -1.257074
193.750000 -1.059802
193.875000 -0.660497
194.000000 -0.220583
194.125000 -0.080463
194.250000 -0.056900
194.375000 0.109038
194.500000 0.305057
194.625000 0.494808
194.750000 0.565245
194.875000 0.711632
195.000000 0.385018
195.125000 1.298433
195.250000 1.599730
195.375000 0.975329
195.500000 1.846633
195.625000 2.217113
195.750000 2.287549
195.875000 2.028113
196.000000 1.137759
196.125000 0.753492
196.250000 0.734693
196.375000 0.705867
196.500000 0.430388
196.625000 0.247906
196.750000 0.221586
196.875000 0.320598
197.000000 0.273724
197.125000 0.998891
197.250000 0.169448
197.375000 0.173960
197.500000 0.059156
197.625000 0.004261
197.750000 -0.032085
197.875000 -0.249159
198.000000 -0.097508
198.125000 -0.506339
198.250000 -0.157166
198.375000 -0.926700
198.500000 -1.406970
198.625000 -0.793849
198.750000 -0.550456
198.875000 -0.264449
199.000000 -0.606353
199.125000 -1.416997
199.250000 -2.326903
199.375000 -1.929602
199.500000 -1.905539
199.625000 -2.427669
199.750000 -2.154698
199.875000 -0.564743
200.000000 -0.525139
200.125000 -0.736949
200.250000 -0.150648
200.375000 -0.564743
200.500000 -0.182483
200.625000 -0.824179
200.750000 -0.551709
200.875000 -0.268961
201.000000 0.018298
201.125000 0.176216
201.250000 0.581788
201.375000 0.927703
201.500000 1.098405
201.625000 1.331020
201.750000 1.280386
201.875000 1.872201
202.000000 2.045409
202.125000 2.132890
202.250000 2.310109
202.375000 2.399595
202.500000 2.381046
202.625000 2.087520
202.750000 1.618530
202.875000 2.039142
203.000000 1.093642
203.125000 2.269000
203.250000 2.135146
203.375000 1.273868
203.500000 1.378395
203.625000 1.300439
203.750000 0.611367
203.875000 0.885592
204.000000 0.511352
204.125000 0.471246
204.250000 0.187997
204.375000 -0.098761
204.500000 -0.351179
204.625000 -0.461721
204.750000 -0.963297
204.875000 -1.048523
205.000000 -1.496958
205.125000 -1.658135
205.250000 -1.593213
205.375000 -1.586194
205.500000 -0.860525
205.625000 -1.776197
205.750000 -2.386059
205.875000 -2.340439
206.000000 -2.264989
206.125000 -2.427920
206.250000 -2.378038
206.375000 -1.484676
206.500000 -1.412986
206.625000 -0.950263
206.750000 -1.559875
206.875000 -0.788585
207.000000 -0.246402
207.125000 -0.798361
207.250000 -0.316336
207.375000 -0.113801
207.500000 -0.118564
207.625000 -0.049631
207.750000 -0.006517
207.875000 0.094249
208.000000 0.064671
208.125000 0.463476
208.250000 0.580034
208.375000 0.448436
208.500000 1.110436
208.625000 0.165939
208.750000 0.182483
208.875000 1.594216
209.000000 1.251810
209.125000 0.218327
209.250000 0.305809
209.375000 0.918429
209.500000 0.376245
209.625000 0.369978
209.750000 0.564743
209.875000 0.539677
210.000000 0.274726
210.125000 0.847240
210.250000 1.039749
210.375000 0.449689
210.500000 0.378752
210.625000 0.238882
210.750000 0.242892
210.875000 0.174712
211.000000 0.027573
211.125000 -0.084473
211.250000 -0.050133
211.375000 -0.451444
211.500000 -0.108036
211.625000 -0.091492
211.750000 -0.360453
211.875000 -0.255175
212.000000 -0.460468
212.125000 -0.502328
212.250000 -0.202034
212.375000 -0.291772
212.500000 -0.305307
212.625000 -0.373989
212.750000 -0.380757
212.875000 -0.885842
213.000000 -0.242391
213.125000 -0.237879
213.250000 -0.230860
213.375000 -0.728176
213.500000 -0.449689
213.625000 -0.274225
213.750000 -0.351179
213.875000 -0.148643
214.000000 -0.541933
214.125000 -0.398053
214.250000 -0.137363
214.375000 -0.018800
214.500000 0.189000
214.625000 0.581287
214.750000 0.806884
214.875000 1.017440
215.000000 0.322854
215.125000 0.731183
215.250000 0.344160
215.375000 0.300043
215.500000 1.487433
215.625000 1.556616
215.750000 2.076491
215.875000 1.632567
216.000000 1.639836
216.125000 0.883586
216.250000 1.215715
216.375000 1.176862
216.500000 1.891251
216.625000 1.766672
216.750000 1.396944
216.875000 1.342801
217.000000 0.277233
217.125000 0.467236
217.250000 0.641196
217.375000 0.531656
217.500000 0.212311
217.625000 0.059407
217.750000 -0.146638
217.875000 -0.028826
218.000000 -0.106030
218.125000 -0.061412
218.250000 -0.279990
218.375000 -1.302945
218.500000 -0.249911
218.625000 -0.981094
218.750000 -1.753637
218.875000 -1.856660
219.000000 -1.834852
219.125000 -1.389925
219.250000 -2.011569
219.375000 -2.011068
219.500000 -1.747621
219.625000 -1.704507
219.750000 -1.898270
219.875000 -1.253565
220.000000 -1.538067
220.125000 -0.912413
220.250000 -0.255425
220.375000 -0.194264
220.500000 -0.927202
220.625000 -0.549202
220.750000 -0.361205
220.875000 -0.145384
221.000000 -0.017045
221.125000 0.152904
221.250000 0.196269
221.375000 0.042111
221.500000 0.486787
221.625000 0.255175
221.750000 0.305809
221.875000 1.432538
222.000000 1.296428
222.125000 1.664401
222.250000 1.746869
222.375000 1.166083
222.500000 1.996780
222.625000 1.568397
222.750000 1.198419
222.875000 1.178867
223.000000 1.480665
223.125000 1.566141
223.250000 1.197918
223.375000 1.444069
223.500000 1.090383
223.625000 1.217219
223.750000 1.018694
223.875000 0.506088
224.000000 0.368474
224.125000 0.180728
224.250000 0.066426
224.375000 -0.009776
224.500000 -0.008523
224.625000 -0.240135
224.750000 -0.228354
224.875000 -0.623649
225.000000 -0.529651
225.125000 -0.167693
225.250000 -0.306059
225.375000 -1.572909
225.500000 -1.799258
225.625000 -1.314727
225.750000 -1.012928
225.875000 -1.377142
226.000000 -0.745471
226.125000 -0.359200
226.250000 -1.013680
226.375000 -1.282391
226.500000 -1.215464
226.625000 -0.441668
226.750000 -0.288764
226.875000 -0.701856
227.000000 -1.072085
227.125000 -0.829193
227.250000 -0.536920
227.375000 -0.445177
227.500000 -0.169699
227.625000 0.032085
227.750000 0.264700
227.875000 0.428884
228.000000 0.709125
228.125000 0.942743
228.250000 1.104671
228.375000 0.677792
228.500000 1.430533
228.625000 1.381152
228.750000 1.478409
228.875000 1.755893
229.000000 0.994379
229.125000 0.262945
229.250000 0.246652
229.375000 0.247154
229.500000 0.514611
229.625000 0.982849
229.750000 0.938482
229.875000 0.247655
230.000000 0.320096
230.125000 0.405071
230.250000 0.192258
230.375000 0.169699
230.500000 0.129593
230.625000 0.178723
230.750000 0.147139
230.875000 0.047375
231.000000 -0.115054
231.125000 -0.079209
231.250000 -0.301297
231.375000 -0.296283
231.500000 -0.258684
231.625000 -0.314081
231.750000 -0.716144
231.875000 -1.202430
232.000000 -1.103167
232.125000 -1.174105
232.250000 -1.357339
232.375000 -1.265597
232.500000 -1.504729
232.625000 -1.588701
232.750000 -1.572909
232.875000 -1.378395
233.000000 -0.619388
233.125000 -0.425625
233.250000 -0.279238
233.375000 -0.255676
233.500000 -0.157416
233.625000 -0.267959
233.750000 -0.217575
233.875000 -0.147390
234.000000 -0.111294
234.125000 -0.076703
234.250000 0.001504
234.375000 0.038351
234.500000 0.042863
234.625000 0.089487
234.750000 0.083471
234.875000 0.347669
235.000000 0.209053
235.125000 0.617884
235.250000 0.370480
235.375000 0.291521
235.500000 0.227101
235.625000 0.331627
235.750000 0.460969
235.875000 0.329371
236.000000 0.229106
236.125000 0.225847
236.250000 0.219330
236.375000 0.578530
236.500000 1.093893
236.625000 0.578279
236.750000 0.890354
236.875000 0.732938
237.000000 0.615377
237.125000 0.304806
237.250000 0.350427
237.375000 0.206797
237.500000 0.056399
237.625000 -0.085727
237.750000 -0.255676
237.875000 -0.298539
238.000000 -0.490046
238.125000 -0.431892
238.250000 -0.647963
238.375000 -0.863784
238.500000 -0.955777
238.625000 -1.109935
238.750000 -1.154804
238.875000 -1.229752
239.000000 -1.264845
239.125000 -1.257074
239.250000 -1.136255
239.375000 -0.943996
239.500000 -1.094394
239.625000 -1.051531
239.750000 -0.484531
239.875000 -0.449940
240.000000 -0.185992
240.125000 -0.346165
240.250000 -0.295281
240.375000 -0.250412
240.500000 -0.380005
240.625000 -0.089988
240.750000 -0.057402
240.875000 0.014789
241.000000 0.035594
241.125000 0.102020
241.250000 0.138366
241.375000 0.367472
241.500000 0.166691
241.625000 0.147891
241.750000 0.294779
241.875000 0.193261
242.000000 0.465732
242.125000 0.224594
242.250000 0.392287
242.375000 0.522131
242.500000 0.660497
242.625000 0.956529
242.750000 0.887848
242.875000 0.908151
243.000000 0.848744
243.125000 0.722410
243.250000 0.438409
243.375000 0.223591
243.500000 0.253420
243.625000 0.355440
243.750000 0.372234
243.875000 0.231111
244.000000 0.099012
244.125000 0.025317
244.250000 -0.078959
244.375000 -0.213063
244.500000 -0.296283
244.625000 -0.327867
244.750000 -0.485534
244.875000 -0.260940
245.000000 -0.297035
245.125000 -0.328870
245.250000 -0.356192
245.375000 -0.218829
245.500000 -0.382511
245.625000 -0.516867
245.750000 -0.521379
245.875000 -0.793097
246.000000 -0.954023
246.125000 -0.757252
246.250000 -0.397301
246.375000 -0.202034
246.500000 -0.251665
246.625000 -0.285254
246.750000 -0.193261
246.875000 -0.167944
247.000000 -0.181229
247.125000 -0.215570
247.250000 -0.176216
247.375000 -0.051887
247.500000 0.038602
247.625000 0.108286
247.750000 0.065423
247.875000 0.181731
248.000000 0.120067
248.125000 0.262695
248.250000 0.299542
248.375000 0.252668
248.500000 0.739706
248.625000 0.871805
248.750000 0.910909
248.875000 0.852254
249.000000 0.950764
249.125000 0.792596
249.250000 0.940487
249.375000 0.836713
249.500000 0.802121
249.625000 0.639942
249.750000 0.201533
249.875000 0.177720
250.000000 0.285254
250.125000 0.133854
250.250000 0.132601
250.375000 0.078457
250.500000 0.050133
250.625000 0.060410
250.750000 -0.027824
250.875000 -0.091993
251.000000 -0.086980
251.125000 -0.089988
251.250000 -0.158670
251.375000 -0.338645
251.500000 -0.230359
251.625000 -0.206045
251.750000 -0.219581
251.875000 -0.211810
252.000000 -0.309067
252.125000 -0.321099
252.250000 -0.235623
252.375000 -0.240887
252.500000 -0.236626
252.625000 -0.383765
252.750000 -0.621142
252.875000 -0.623148
253.000000 -0.542936
253.125000 -0.525640
253.250000 -0.423370
253.375000 -0.394042
253.500000 -0.308065
253.625000 -0.161176
253.750000 -0.056399
253.875000 -0.084473
254.000000 -0.014037
254.125000 0.072692
254.250000 0.131347
254.375000 0.161176
254.500000 0.243644
254.625000 0.244898
254.750000 0.167693
254.875000 0.185992
255.000000 0.419359
255.125000 0.522131
255.250000 0.656486
255.375000 0.645958
255.500000 0.694085
255.625000 0.695589
255.750000 0.634929
255.875000 0.623900
256.000000 0.519875
256.125000 0.576525
256.250000 0.557725
256.375000 0.443924
256.500000 0.483278
256.625000 0.424623
256.750000 0.354187
256.875000 0.280241
257.000000 0.189501
257.125000 0.118313
257.250000 0.026320
257.375000 -0.047877
257.500000 -0.111294
257.625000 -0.121070
257.750000 -0.180979
257.875000 -0.273974
258.000000 -0.288764
258.125000 -0.241388
258.250000 -0.200781
258.375000 -0.272470
258.500000 -0.349424
258.625000 -0.246151
258.750000 -0.299041
258.875000 -0.365216
259.000000 -0.360202
259.125000 -0.419610
259.250000 -0.282748
259.375000 -0.320347
259.500000 -0.307313
259.625000 -0.222087
259.750000 -0.325862
259.875000 -0.174712
260.000000 -0.216573
260.125000 -0.192760
260.250000 -0.143630
260.375000 -0.062415
260.500000 -0.030080
260.625000 0.041359
260.750000 0.081967
260.875000 0.107284
261.000000 0.179475
261.125000 0.228103
261.250000 0.296033
261.375000 0.310822
261.500000 0.340149
261.625000 0.420863
261.750000 0.427881
261.875000 0.376496
262.000000 0.444425
262.125000 0.452948
262.250000 0.400058
262.375000 0.265703
262.500000 0.194514
262.625000 0.371232
262.750000 0.294779
262.875000 0.221085
263.000000 0.192258
263.125000 0.297286
263.250000 0.258183
263.375000 0.079711
263.500000 0.093748
263.625000 0.043866
263.750000 0.045119
263.875000 -0.004512
264.000000 -0.074196
264.125000 -0.135859
264.250000 -0.169197
264.375000 -0.219831
264.500000 -0.267457
264.625000 -0.170451
264.750000 -0.295782
264.875000 -0.247906
265.000000 -0.287260
265.125000 -0.301297
265.250000 -0.329120
265.375000 -0.239634
265.500000 -0.228855
265.625000 -0.223090
265.750000 -0.206546
265.875000 -0.247404
266.000000 -0.221837
266.125000 -0.210807
266.250000 -0.187245
266.375000 -0.153155
266.500000 -0.128841
266.625000 -0.102772
266.750000 -0.075951
266.875000 -0.048378
267.000000 -0.035343
267.125000 -0.001253
267.250000 0.027322
267.375000 0.079711
267.500000 0.119566
267.625000 0.147390
267.750000 0.162680
267.875000 0.186994
268.000000 0.220333
268.125000 0.238380
268.250000 0.253169
268.375000 0.244898
268.500000 0.293526
268.625000 0.345664
268.750000 0.387274
268.875000 0.382010
269.000000 0.366469
269.125000 0.354437
269.250000 0.335638
269.375000 0.320848
269.500000 0.291521
269.625000 0.227853
269.750000 0.172957
269.875000 0.122323
270.000000 0.108788
270.125000 0.050634
270.250000 0.039605
270.375000 0.008523
270.500000 -0.023813
270.625000 -0.076953
270.750000 -0.099513
270.875000 -0.137113
271.000000 -0.148142
271.125000 -0.221837
271.250000 -0.206045
271.375000 -0.221837
271.500000 -0.220082
271.625000 -0.315584
271.750000 -0.373738
271.875000 -0.382762
272.000000 -0.367472
272.125000 -0.382762
272.250000 -0.355189
272.375000 -0.315334
272.500000 -0.338896
272.625000 -0.284753
272.750000 -0.286508
272.875000 -0.226098
273.000000 -0.196018
273.125000 -0.163432
273.250000 -0.128841
273.375000 -0.080463
273.500000 -0.046874
273.625000 -0.006016
273.750000 0.029578
273.875000 0.077455
274.000000 0.088484
274.125000 0.114052
274.250000 0.152904
274.375000 0.183235
274.500000 0.191005
274.625000 0.231863
274.750000 0.213314
274.875000 0.227351
275.000000 0.237879
275.125000 0.358448
275.250000 0.207298
275.375000 0.338645
275.500000 0.333131
275.625000 0.237879
275.750000 0.226098
275.875000 0.247404
276.000000 0.197522
276.125000 0.138366
276.250000 0.157918
276.375000 0.134355
276.500000 0.093748
276.625000 0.066426
276.750000 0.079711
276.875000 0.029829
277.000000 -0.005013
277.125000 -0.051887
277.250000 -0.083721
277.375000 -0.103774
277.500000 -0.147640
277.625000 -0.195266
277.750000 -0.236375
277.875000 -0.278236
278.000000 -0.276230
278.125000 -0.200781
278.250000 -0.235372
278.375000 -0.320848
278.500000 -0.291020
278.625000 -0.247154
278.750000 -0.287510
278.875000 -0.265201
279.000000 -0.256428
279.125000 -0.189250
279.250000 -0.172957
279.375000 -0.306059
279.500000 -0.132601
279.625000 -0.132601
279.750000 -0.263447
279.875000 -0.163182
280.000000 -0.118564
280.125000 -0.091743
280.250000 -0.024064
280.375000 0.031834
280.500000 0.065924
280.625000 0.109038
280.750000 0.129091
280.875000 0.139870
281.000000 0.287761
281.125000 0.243895
281.250000 0.270215
281.375000 0.241138
281.500000 0.263948
281.625000 0.322854
281.750000 0.397050
281.875000 0.400810
282.000000 0.512605
282.125000 0.456708
282.250000 0.499320
282.375000 0.437657
282.500000 0.412591
282.625000 0.436404
282.750000 0.337392
282.875000 0.306059
283.000000 0.182733
283.125000 0.088735
283.250000 0.085476
283.375000 0.086479
283.500000 0.042863
283.625000 -0.009024
283.750000 -0.065423
283.875000 -0.095503
284.000000 -0.123326
284.125000 -0.168696
284.250000 -0.164184
284.375000 -0.273222
284.500000 -0.350928
284.625000 -0.335136
284.750000 -0.297537
284.875000 -0.252668
285.000000 -0.327616
285.125000 -0.326112
285.250000 -0.324859
285.375000 -0.424873
285.500000 -0.639441
285.625000 -0.708624
285.750000 -0.712634
285.875000 -0.650219
286.000000 -0.411338
286.125000 -0.204541
286.250000 -0.193762
286.375000 -0.274726
286.500000 -0.164435
286.625000 -0.034842
286.750000 -0.005264
286.875000 -0.001003
287.000000 0.030080
287.125000 0.094500
287.250000 0.109540
287.375000 0.166440
287.500000 0.159171
287.625000 0.284001
287.750000 0.249660
287.875000 0.213063
288.000000 0.224594
288.125000 0.399306
288.250000 0.259687
288.375000 0.241388
288.500000 0.322352
288.625000 0.419108
288.750000 0.409583
288.875000 0.305307
289.000000 0.655233
289.125000 0.701605
289.250000 0.320096
289.375000 0.375744
289.500000 0.328118
289.625000 0.142126
289.750000 0.143880
289.875000 0.136361
290.000000 0.004261
290.125000 0.025317
290.250000 -0.053391
290.375000 -0.078457
290.500000 -0.080964
290.625000 -0.130345
290.750000 -0.274726
290.875000 -0.327366
291.000000 -0.375493
291.125000 -0.508344
291.250000 -0.220583
291.375000 -0.186493
291.500000 -0.403316
291.625000 -0.740959
291.750000 -0.657238
291.875000 -0.663254
292.000000 -0.753492
292.125000 -0.520376
292.250000 -0.625404
292.375000 -0.593068
292.500000 -0.602092
292.625000 -0.614124
292.750000 -0.409332
292.875000 -0.377498
293.000000 -0.308566
293.125000 -0.235874
293.250000 -0.117060
293.375000 0.015541
293.500000 0.043114
293.625000 0.041861
293.750000 0.155160
293.875000 0.258183
294.000000 0.356944
294.125000 0.256929
294.250000 0.525139
294.375000 0.527395
294.500000 0.541432
294.625000 0.711882
294.750000 0.736949
294.875000 0.769786
295.000000 0.653729
295.125000 0.661750
295.250000 0.719904
295.375000 0.355189
295.500000 0.691077
295.625000 0.663003
295.750000 0.714138
295.875000 0.518120
296.000000 0.432143
296.125000 0.158168
296.250000 0.189250
296.375000 0.201784
296.500000 0.147640
296.625000 0.151400
296.750000 0.014538
296.875000 -0.055396
297.000000 -0.093999
297.125000 -0.101769
297.250000 -0.191757
297.375000 -0.418356
297.500000 -0.487289
297.625000 -0.543688
297.750000 -0.604348
297.875000 -0.566999
298.000000 -0.484782
298.125000 -0.731935
298.250000 -0.652726
298.375000 -0.663254
298.500000 -0.773044
298.625000 -0.656486
298.750000 -0.375994
298.875000 -0.721658
299.000000 -0.718901
299.125000 -0.679046
299.250000 -0.461470
299.375000 -0.218327
299.500000 -0.137865
299.625000 -0.161678
299.750000 -0.300795
299.875000 -0.206296
300.000000 -0.063167
300.125000 -0.013034
300.250000 0.078708
300.375000 0.186242
300.500000 0.282246
300.625000 0.364213
300.750000 0.467987
300.875000 0.245650
301.000000 0.357696
301.125000 0.225847
301.250000 0.423370
301.375000 0.254172
301.500000 0.352933
301.625000 0.268711
301.750000 0.485534
301.875000 0.359701
302.000000 0.259937
302.125000 0.461721
302.250000 0.233116
302.375000 0.214567
302.500000 0.391786
302.625000 0.151400
302.750000 0.217826
302.875000 0.244396
303.000000 0.140371
303.125000 0.188749
303.250000 0.083471
303.375000 0.002507
303.500000 -0.032837
303.625000 -0.112297
303.750000 -0.171704
303.875000 -0.464729
304.000000 -0.559730
304.125000 -0.521629
304.250000 -0.508094
304.375000 -0.416100
304.500000 -0.611617
304.625000 -1.057797
304.750000 -1.136004
304.875000 -0.899880
305.000000 -1.172601
305.125000 -0.648715
305.250000 -0.845736
305.375000 -1.071584
305.500000 -0.660747
305.625000 -0.217575
305.750000 -1.003403
305.875000 -0.646209
306.000000 -0.293025
306.125000 -0.626657
306.250000 -0.592818
306.375000 -0.341904
306.500000 -0.103273
306.625000 -0.013536
306.750000 0.030581
306.875000 0.092996
307.000000 0.223591
307.125000 0.234370
307.250000 0.304054
307.375000 0.595826
307.500000 0.565245
307.625000 0.355691
307.750000 0.532157
307.875000 0.758004
308.000000 0.801118
308.125000 0.833203
308.250000 1.182627
308.375000 1.118458
308.500000 0.927202
308.625000 1.100159
308.750000 1.143524
308.875000 0.974326
309.000000 1.053035
309.125000 0.974577
309.250000 0.765023
309.375000 0.671776
309.500000 0.450942
309.625000 0.526893
309.750000 0.282998
309.875000 0.225847
310.000000 0.100766
310.125000 -0.047626
310.250000 -0.095252
310.375000 -0.342155
310.500000 -0.486286
310.625000 -0.275980
310.750000 -0.743967
310.875000 -0.606855
311.000000 -0.508344
311.125000 -0.397551
311.250000 -0.196770
311.375000 -0.614876
311.500000 -0.840723
311.625000 -0.457961
311.750000 -0.457961
311.875000 -0.451444
312.000000 -0.293777
312.125000 -0.246402
312.250000 -0.765524
312.375000 -0.360704
312.500000 -0.648715
312.625000 -0.421114
312.750000 -0.139118
312.875000 -0.522381
313.000000 -0.404319
313.125000 -0.039354
313.250000 -0.004763
313.375000 0.012032
313.500000 0.080463
313.625000 0.273222
313.750000 0.419108
313.875000 0.297537
314.000000 0.171203
314.125000 0.193512
314.250000 0.238130
314.375000 0.230860
314.500000 0.276230
314.625000 0.400559
314.750000 0.413594
314.875000 0.639692
315.000000 0.644705
315.125000 0.418356
315.250000 0.628161
315.375000 0.250412
315.500000 0.169699
315.625000 0.153656
315.750000 1.004907
315.875000 0.286257
316.000000 0.387525
316.125000 0.853758
316.250000 0.693835
316.375000 0.522381
316.500000 0.187997
316.625000 0.014538
316.750000 -0.034341
316.875000 -0.069183
317.000000 -0.343909
317.125000 -0.487038
317.250000 -0.621142
317.375000 -0.994630
317.500000 -1.128735
317.625000 -1.173603
317.750000 -1.205438
317.875000 -0.375994
318.000000 -0.192008
318.125000 -0.407578
318.250000 -0.917677
318.375000 -0.416852
318.500000 -0.411839
318.625000 -0.246402
318.750000 -0.587554
318.875000 -1.297431
319.000000 -1.218973
319.125000 -1.202430
319.250000 -1.166334
319.375000 -1.045264
319.500000 -0.880077
319.625000 -0.699851
319.750000 -0.506339
319.875000 -0.265201
320.000000 -0.076452
320.125000 0.106782
320.250000 0.251916
320.375000 0.530653
320.500000 0.536920
320.625000 0.819918
320.750000 0.968060
320.875000 1.101162
321.000000 1.142521
321.125000 0.694336
321.250000 0.736447
321.375000 1.075344
321.500000 1.659889
321.625000 1.528041
321.750000 1.655628
321.875000 1.107679
322.000000 0.774799
322.125000 0.745471
322.250000 1.268354
322.375000 1.398448
322.500000 0.391034
322.625000 0.178472
322.750000 0.149646
322.875000 0.084223
323.000000 0.057903
323.125000 0.277484
323.250000 0.140873
323.375000 0.001755
323.500000 -0.075951
323.625000 -0.139870
323.750000 -0.108286
323.875000 -0.342155
324.000000 -0.127337
324.125000 -0.361205
324.250000 -0.595575
324.375000 -0.652726
324.500000 -0.308566
324.625000 -1.040251
324.750000 -1.391680
324.875000 -0.788084
325.000000 -1.122217
325.125000 -0.530653
325.250000 -0.521128
325.375000 -0.438911
325.500000 -0.664507
325.625000 -0.625905
325.750000 -0.362458
325.875000 -0.325862
326.000000 -0.458964
326.125000 -0.388527
326.250000 -0.478515
326.375000 -0.642449
326.500000 -0.470243
326.625000 -0.212562
326.750000 0.047626
326.875000 0.272470
327.000000 0.565746
327.125000 0.427129
327.250000 0.545693
327.375000 0.655483
327.500000 0.242391
327.625000 0.353435
327.750000 0.187245
327.875000 0.478766
328.000000 0.207298
328.125000 0.336640
328.250000 0.340651
328.375000 0.216071
328.500000 0.283500
328.625000 0.326363
328.750000 0.199277
328.875000 0.979841
329.000000 0.919431
329.125000 1.185886
329.250000 1.496958
329.375000 1.282892
329.500000 0.936727
329.625000 0.622646
329.750000 0.571762
329.875000 0.343659
330.000000 0.129593
330.125000 -0.129342
330.250000 -0.403818
330.375000 -0.658491
330.500000 -0.811646
330.625000 -0.806884
330.750000 -0.954775
330.875000 -1.365862
331.000000 -0.569757
331.125000 -0.616631
331.250000 -0.415850
331.375000 -0.271969
331.500000 -0.214066
331.625000 -0.215821
331.750000 -0.457209
331.875000 -1.082613
332.000000 -1.057045
332.125000 -1.421760
332.250000 -1.885987
332.375000 -1.493198
332.500000 -1.052784
332.625000 -0.938732
332.750000 -1.219224
332.875000 -0.298539
333.000000 -0.143630
333.125000 -0.539176
333.250000 -0.295782
333.375000 -0.030581
333.500000 0.225597
333.625000 0.477763
333.750000 0.627910
333.875000 0.826435
334.000000 1.067072
334.125000 1.246546
334.250000 1.125727
334.375000 1.122969
334.500000 1.814047
334.625000 1.918072
334.750000 1.462618
334.875000 1.884232
335.000000 2.120858
335.125000 1.799007
335.250000 1.776698
335.375000 1.329766
335.500000 0.583042
335.625000 0.839720
335.750000 0.777556
335.875000 1.013430
336.000000 0.254423
336.125000 1.159817
336.250000 0.617884
336.375000 0.464228
336.500000 0.473753
336.625000 0.109540
336.750000 -0.033589
336.875000 -0.223591
337.000000 -0.509598
337.125000 -0.809140
337.250000 -1.039749
337.375000 -0.571010
337.500000 -0.940988
337.625000 -0.476510
337.750000 -1.729072
337.875000 -1.595218
338.000000 -1.297180
338.125000 -0.930711
338.250000 -1.368619
338.375000 -1.377142
338.500000 -1.368619
338.625000 -1.343302
338.750000 -0.591063
338.875000 -0.279740
339.000000 -1.169593
339.125000 -0.487038
339.250000 -0.213815
339.375000 -0.381509
339.500000 -0.120318
339.625000 -0.396047
339.750000 -0.067679
339.875000 -0.040106
340.000000 -0.012032
340.125000 0.010027
340.250000 0.067178
340.375000 0.551960
340.500000 0.391786
340.625000 0.717898
340.750000 1.290412
340.875000 0.666262
341.000000 1.079605
341.125000 0.520877
341.250000 0.350176
341.375000 0.228604
341.500000 0.234370
341.625000 0.782820
341.750000 0.495310
341.875000 0.780313
342.000000 0.763770
342.125000 1.572408
342.250000 1.493700
342.375000 1.659889
342.500000 1.766170
342.625000 1.600733
342.750000 1.384912
342.875000 0.580535
343.000000 0.890605
343.125000 0.548701
343.250000 0.113801
343.375000 0.016042
343.500000 -0.016544
343.625000 -0.053893
343.750000 -0.406575
343.875000 -0.209053
344.000000 -1.115199
344.125000 -1.302945
344.250000 -1.707014
344.375000 -1.229752
344.500000 -0.585298
344.625000 -1.402459
344.750000 -2.216862
344.875000 -2.316877
345.000000 -1.986002
345.125000 -2.297575
345.250000 -2.307602
345.375000 -1.904286
345.500000 -1.827081
345.625000 -0.914167
345.750000 -0.204290
345.875000 -0.562989
346.000000 -0.198274
346.125000 -0.374741
346.250000 -0.119566
346.375000 -0.511102
346.500000 -0.236626
346.625000 -0.214066
346.750000 0.026570
346.875000 0.320347
347.000000 0.628412
347.125000 0.769786
347.250000 0.511352
347.375000 0.616129
347.500000 0.449188
347.625000 1.157060
347.750000 0.553213
347.875000 0.593570
348.000000 2.169988
348.125000 2.018588
348.250000 2.289053
348.375000 2.304343
348.500000 1.942888
348.625000 1.017190
348.750000 0.637686
348.875000 0.380506
349.000000 0.646710
349.125000 0.594322
349.250000 0.533661
349.375000 0.300545
349.500000 0.820169
349.625000 0.201282
349.750000 0.333883
349.875000 0.339899
350.000000 0.044618
350.125000 -0.122574
350.250000 -0.319344
350.375000 -0.356192
350.500000 -0.307563
350.625000 -0.141123
350.750000 -0.459214
350.875000 -0.525640
351.000000 -0.219581
351.125000 -0.337142
351.250000 -0.258183
351.375000 -0.384015
351.500000 -1.000145
351.625000 -0.657739
351.750000 -1.019446
351.875000 -0.256428
352.000000 -0.465732
352.125000 -1.460111
352.250000 -1.915315
352.375000 -1.782463
352.500000 -1.482921
352.625000 -0.497315
352.750000 -1.134751
352.875000 -0.932466
353.000000 -0.246151
353.125000 -0.350928
353.250000 -0.228354
353.375000 0.004011
353.500000 0.282998
353.625000 0.487790
353.750000 0.559229
353.875000 0.731685
354.000000 0.891858
354.125000 0.183736
354.250000 0.342656
354.375000 1.279132
354.500000 0.409583
354.625000 1.028971
354.750000 2.118853
354.875000 2.166479
355.000000 2.185780
355.125000 1.945645
355.250000 2.138405
355.375000 2.072230
355.500000 1.978482
355.625000 1.575165
355.750000 0.517869
355.875000 1.016688
356.000000 1.326006
356.125000 1.136004
356.250000 0.777305
356.375000 0.644203
356.500000 0.274225
356.625000 0.135107
356.750000 -0.137113
356.875000 -0.397301
357.000000 -0.584044
357.125000 -0.571010
357.250000 -0.306561
357.375000 -1.308961
357.500000 -1.490692
357.625000 -1.650113
357.750000 -1.829337
357.875000 -1.897768
358.000000 -0.919181
358.125000 -0.618636
358.250000 -0.632673
358.375000 -0.638188
358.500000 -0.398554
358.625000 -0.251415
358.750000 -0.246151
358.875000 -0.245399
359.000000 -0.359701
359.125000 -0.507091
359.250000 -0.662001
359.375000 -0.784575
359.500000 -0.333131
359.625000 -0.181480
359.750000 -0.099012
359.875000 -0.087481
360.000000 -0.040858
360.125000 0.089236
360.250000 0.424122
360.375000 0.317088
360.500000 0.628913
360.625000 0.119566
360.750000 0.137363
360.875000 0.282497
361.000000 0.197272
361.125000 0.833955
361.250000 0.235372
361.375000 0.249159
361.500000 0.943244
361.625000 0.957281
361.750000 0.646209
361.875000 0.943495
362.000000 0.626156
362.125000 0.876067
362.250000 1.125476
362.375000 1.417749
362.500000 0.861779
362.625000 0.258684
362.750000 0.324107
362.875000 0.665760
363.000000 0.389029
363.125000 0.346667
363.250000 0.131849
363.375000 -0.085225
363.500000 -0.300545
363.625000 -0.356693
363.750000 -0.228604
363.875000 -0.296033
364.000000 -0.365216
364.125000 -0.642950
364.250000 -0.992625
364.375000 -1.081610
364.500000 -0.568754
364.625000 -1.212205
364.750000 -1.556616
364.875000 -1.754138
365.000000 -0.941740
365.125000 -0.280993
365.250000 -0.917927
365.375000 -1.485929
365.500000 -1.530297
365.625000 -1.245544
365.750000 -0.897874
365.875000 -1.184382
366.000000 -0.757252
366.125000 -0.840472
366.250000 -0.487539
366.375000 -0.407828
366.500000 -0.228354
366.625000 -0.028325
366.750000 0.038101
366.875000 0.283500
367.000000 0.554968
367.125000 0.811145
367.250000 0.506339
367.375000 0.395295
367.500000 0.288012
367.625000 0.504334
367.750000 1.105172
367.875000 1.603991
368.000000 1.634071
368.125000 1.455098
368.250000 1.718043
368.375000 1.466879
368.500000 1.444069
368.625000 1.401707
368.750000 1.410480
368.875000 1.433791
369.000000 1.346561
369.125000 1.046016
369.250000 1.043509
369.375000 0.667766
369.500000 0.214818
369.625000 0.305809
369.750000 0.241388
369.875000 0.084473
370.000000 0.000501
370.125000 -0.007771
370.250000 -0.042362
370.375000 -0.357445
370.500000 -0.287510
370.625000 -0.210807
370.750000 -0.172456
370.875000 -0.290017
371.000000 -0.346416
371.125000 -0.824430
371.250000 -0.259687
371.375000 -0.419610
371.500000 -0.637436
371.625000 -1.232008
371.750000 -1.219224
371.875000 -1.190648
372.000000 -1.515006
372.125000 -0.516115
372.250000 -1.171097
372.375000 -1.213709
372.500000 -0.825182
372.625000 -0.866541
372.750000 -0.450692
372.875000 -0.187496
373.000000 -0.183235
373.125000 -0.096505
373.250000 -0.012784
373.375000 0.045621
373.500000 0.028576
373.625000 0.119316
373.750000 0.095753
373.875000 0.127587
374.000000 0.149144
374.125000 0.672779
374.250000 1.007665
374.375000 1.456100
374.500000 1.138511
374.625000 0.613623
374.750000 0.425625
374.875000 0.437156
375.000000 0.641697
375.125000 0.634428
375.250000 0.431391
375.375000 0.197773
375.500000 0.195016
375.625000 0.955527
375.750000 0.333632
375.875000 0.296534
376.000000 0.190504
376.125000 0.500574
376.250000 0.429636
376.375000 0.251164
376.500000 0.060410
376.625000 -0.090991
376.750000 -0.326864
376.875000 -0.385770
377.000000 -0.648465
377.125000 -0.198024
377.250000 -0.245148
377.375000 -0.288262
377.500000 -0.491048
377.625000 -0.769786
377.750000 -1.100159
377.875000 -1.405466
378.000000 -1.441813
378.125000 -1.459610
378.250000 -1.196163
378.375000 -1.549848
378.500000 -1.538568
378.625000 -1.270109
378.750000 -1.267853
378.875000 -0.539426
379.000000 -0.676038
379.125000 -1.009169
379.250000 -0.622646
379.375000 -0.508344
379.500000 -0.466734
379.625000 -0.303051
379.750000 -0.131598
379.875000 0.067930
380.000000 0.030581
380.125000 0.039855
380.250000 0.043365
380.375000 0.286758
380.500000 0.147891
380.625000 0.185741
380.750000 0.690827
380.875000 0.365968
381.000000 1.306956
381.125000 1.032230
381.250000 0.192258
381.375000 0.202786
381.500000 0.288513
381.625000 0.402815
381.750000 0.289766
381.875000 0.211559
382.000000 0.745973
382.125000 0.697595
382.250000 0.638940
382.375000 0.304806
382.500000 0.495310
382.625000 0.547698
382.750000 0.243394
382.875000 0.090489
383.000000 0.067178
383.125000 0.025317
383.250000 -0.173709
383.375000 -0.246652
383.500000 -0.516616
383.625000 -0.676288
383.750000 -0.904893
383.875000 -0.912914
384.000000 -0.132851
384.125000 -0.314081
384.250000 -0.482275
384.375000 -0.513357
384.500000 -0.382511
384.625000 -0.956780
384.750000 -1.247800
384.875000 -1.242034
385.000000 -1.203683
385.125000 -1.165582
385.250000 -1.128233
385.375000 -0.262193
385.500000 -0.186493
385.625000 -0.298539
385.750000 -0.200781
385.875000 -0.296534
386.000000 -0.237628
386.125000 -0.223842
386.250000 -0.110793
386.375000 -0.058906
386.500000 0.074447
386.625000 0.190002
386.750000 0.229106
386.875000 0.409834
387.000000 0.617132
387.125000 0.603596
387.250000 0.278737
387.375000 0.591063
387.500000 0.774548
387.625000 0.631169
387.750000 0.254423
387.875000 0.247906
388.000000 0.195016
388.125000 0.697344
388.250000 0.514861
388.375000 0.275729
388.500000 0.354187
388.625000 0.235122
388.750000 0.236626
388.875000 0.387274
389.000000 0.343408
389.125000 0.167443
389.250000 0.257431
389.375000 0.272470
389.500000 0.172707
389.625000 0.049130
389.750000 -0.003509
389.875000 -0.037098
390.000000 -0.179725
390.125000 -0.082468
390.250000 -0.448686
390.375000 -0.409834
390.500000 -0.756250
390.625000 -0.532659
390.750000 -0.163683
390.875000 -0.169448
391.000000 -0.245148
391.125000 -0.330875
391.250000 -0.339397
391.375000 -0.261692
391.500000 -0.258684
391.625000 -0.337142
391.750000 -0.242391
391.875000 -0.344160
392.000000 -0.215069
392.125000 -0.166691
392.250000 -0.235623
392.375000 -0.413343
392.500000 -0.391535
392.625000 -0.299041
392.750000 -0.177720
392.875000 -0.109038
393.000000 -0.001755
393.125000 0.033338
393.250000 0.074698
393.375000 0.259436
393.500000 0.425124
393.625000 0.518371
393.750000 0.603596
393.875000 0.685813
394.000000 0.481774
394.125000 0.520627
394.250000 0.422618
394.375000 0.699099
394.500000 0.585548
394.625000 0.839971
394.750000 0.899629
394.875000 0.882333
395.000000 0.782068
395.125000 0.745221
395.250000 0.697595
395.375000 0.639942
395.500000 0.572765
395.625000 0.497064
395.750000 0.217074
395.875000 0.219330
396.000000 0.153656
396.125000 0.037098
396.250000 0.005765
396.375000 -0.062164
396.500000 -0.189250
396.625000 -0.241639
396.750000 -0.399306
396.875000 -0.495560
397.000000 -0.530904
397.125000 -0.661499
397.250000 -0.565746
397.375000 -0.192008
397.500000 -0.333131
397.625000 -0.346917
397.750000 -0.355440
397.875000 -0.221085
398.000000 -0.442921
398.125000 -0.245650
398.250000 -0.211810
398.375000 -0.300294
398.500000 -0.212311
398.625000 -0.193512
398.750000 -0.231612
398.875000 -0.146638
399.000000 -0.289516
399.125000 -0.128339
399.250000 -0.089236
399.375000 -0.031333
399.500000 -0.042111
399.625000 0.032586
399.750000 0.084975
399.875000 0.069935
400.000000 0.109289
400.125000 0.116809
400.250000 0.138617
400.375000 0.158920
400.500000 0.261191
400.625000 0.456206
400.750000 0.403818
400.875000 0.583794
401.000000 0.345664
401.125000 0.350928
401.250000 0.611116
401.375000 0.645457
401.500000 0.588306
401.625000 0.322854
401.750000 0.210055
401.875000 0.279740
402.000000 0.226850
402.125000 0.149646
402.250000 0.183485
402.375000 0.108036
402.500000 0.104025
402.625000 0.142627
402.750000 0.062415
402.875000 -0.017045
403.000000 -0.089988
403.125000 -0.154659
403.250000 -0.241639
403.375000 -0.274726
403.500000 -0.269964
403.625000 -0.238882
403.750000 -0.223591
403.875000 -0.190504
404.000000 -0.484030
404.125000 -0.628662
404.250000 -0.650971
404.375000 -0.664006
404.500000 -0.535917
404.625000 -0.531155
404.750000 -0.426628
404.875000 -0.617633
405.000000 -0.531656
405.125000 -0.423871
405.250000 -0.447684
405.375000 -0.437908
405.500000 -0.374240
405.625000 -0.304806
405.750000 -0.210807
405.875000 -0.156664
406.000000 -0.037850
406.125000 0.005515
406.250000 0.064671
406.375000 0.157667
406.500000 0.222338
406.625000 0.312577
406.750000 0.352432
406.875000 0.449940
407.000000 0.331376
407.125000 0.181480
407.250000 0.238882
407.375000 0.402815
407.500000 0.516616
407.625000 0.335387
407.750000 0.528147
407.875000 0.331878
408.000000 0.601340
408.125000 0.631169
408.250000 0.163683
408.375000 0.264951
408.500000 0.192760
408.625000 0.206797
408.750000 0.295531
408.875000 0.190504
409.000000 0.072442
409.125000 0.095252
409.250000 0.088233
409.375000 0.005515
409.500000 -0.077705
409.625000 -0.126835
409.750000 -0.188248
409.875000 -0.165437
410.000000 -0.160926
410.000000 -0.160926
