15 57 57 -0.003604
15 58 58 -0.001559
15 57 57 0.002411
15 57 57 0.003994
15 57 57 0.002045
66 42 42 0.003944
66 42 42 0.007056
16 43 43 0.002116
16 43 43 0.002416
64 50 50 -0.002281
16 43 43 0.002390
16 43 43 -0.002217
16 41 41 -0.001643
64 48 48 0.002904
16 46 46 -0.006927
16 46 46 -0.004931
16 47 47 0.000448
16 47 47 0.002003
64 47 47 0.004911
16 46 46 0.002428
64 47 47 0.004071
16 47 47 0.001707
64 46 46 -0.005762
16 49 49 0.004032
66 42 42 -0.000719
16 49 49 -0.002126
16 51 51 -0.006668
64 45 45 0.005169
16 51 51 -0.002816
16 51 51 0.002598
16 52 52 0.004324
16 52 52 0.003606
64 45 45 -0.004082
16 53 53 -0.003253
16 53 53 -0.003361
16 54 54 -0.001561
64 44 44 0.002086
16 53 53 -0.001931
64 44 44 -0.000263
64 43 43 -0.003715
16 54 54 0.006629
64 43 43 -0.002112
16 54 54 -0.001377
64 42 42 0.001308
64 42 42 0.001622
64 41 41 0.001951
16 56 56 -0.003125
16 56 56 -0.008877
64 42 42 0.002908
64 41 41 0.001630
16 56 56 -0.003314
63 59 59 0.000889
16 57 57 -0.000986
16 57 57 0.002153
16 56 56 0.001403
63 58 58 -0.001205
16 56 56 0.001649
63 58 58 -0.001644
64 42 42 0.000759
64 43 43 0.000865
16 60 60 -0.001634
16 60 60 -0.002209
16 60 60 -0.001818
16 60 60 -0.002013
63 59 59 0.001960
64 41 41 0.001402
64 42 42 0.001161
17 44 44 -0.001296
63 59 59 -0.001832
64 41 41 -0.001908
17 43 43 0.001757
17 43 43 0.002841
17 46 46 0.002258
17 46 46 0.002766
17 46 46 0.005824
63 58 58 -0.001956
63 57 57 0.002085
17 45 45 -0.002968
63 57 57 0.002437
17 45 45 -0.004678
63 57 57 0.001802
17 48 48 0.000853
17 49 49 0.003836
17 52 52 0.004164
63 57 57 -0.001700
56 39 39 -0.000393
63 57 57 0.001994
63 57 57 0.001959
63 57 57 0.002429
63 57 57 0.002254
17 53 53 -0.004203
17 55 55 -0.006905
17 55 55 -0.008015
17 55 55 -0.002889
63 58 58 0.001806
17 56 56 0.001780
17 56 56 0.002440
17 58 58 0.004460
17 58 58 0.006224
63 58 58 -0.001943
63 58 58 -0.000895
63 59 59 -0.000934
17 59 59 0.004548
63 58 58 -0.000153
17 60 60 0.002024
17 59 59 0.001740
17 58 58 0.000287
17 59 59 -0.000122
17 59 59 -0.003327
17 59 59 -0.002861
63 57 57 0.000937
63 59 59 0.000667
17 61 61 -0.001802
17 60 60 -0.003021
63 58 58 -0.000497
17 61 61 -0.001201
17 60 60 -0.002002
17 60 60 -0.001083
17 60 60 -0.000638
63 58 58 -0.002489
17 62 62 0.002200
63 59 59 -0.001117
17 61 61 -0.001177
18 45 45 -0.003354
18 45 45 0.000121
63 58 58 -0.002673
63 59 59 -0.001768
18 47 47 -0.000380
18 48 48 -0.000666
64 40 40 0.001685
18 48 48 -0.002199
18 48 48 -0.004902
64 41 41 -0.002070
18 49 49 0.010776
18 50 50 -0.001359
18 52 52 -0.003464
18 52 52 -0.009879
18 52 52 -0.012785
18 52 52 -0.002622
18 54 54 -0.000133
18 53 53 0.002011
18 53 53 0.004085
18 53 53 0.006922
18 53 53 0.003739
18 54 54 0.001766
18 55 55 0.000178
18 56 56 -0.000144
18 55 55 -0.001446
18 55 55 -0.004428
63 55 55 0.000045
18 56 56 -0.003105
63 54 54 -0.000795
18 57 57 -0.007527
18 57 57 -0.005999
63 55 55 -0.002956
18 57 57 -0.008417
18 57 57 -0.006103
18 58 58 -0.003143
63 54 54 -0.002786
63 54 54 -0.000704
63 53 53 -0.000123
18 58 58 0.004538
18 59 59 0.003675
18 59 59 0.003339
18 59 59 0.004510
18 59 59 0.005207
18 59 59 0.001451
18 60 60 0.001948
63 52 52 0.002132
18 60 60 -0.000258
18 60 60 -0.000668
63 53 53 -0.001370
18 61 61 -0.002455
18 61 61 -0.002537
19 46 46 -0.001266
63 52 52 -0.003006
63 52 52 -0.003013
19 46 46 -0.001381
63 53 53 0.001230
63 52 52 0.002343
65 50 50 -0.003263
19 47 47 -0.004595
63 50 50 -0.004660
19 48 48 -0.002723
65 49 49 0.002396
65 49 49 0.003028
19 48 48 0.007459
65 48 48 -0.001171
65 47 47 -0.003016
19 48 48 -0.002063
19 48 48 -0.004676
63 50 50 -0.004664
65 46 46 -0.001531
65 47 47 0.000567
65 47 47 0.000804
19 49 49 0.001285
19 50 50 0.006352
65 46 46 0.003380
65 46 46 0.000217
65 47 47 -0.008445
65 47 47 -0.003371
65 46 46 -0.000879
65 47 47 -0.002703
19 53 53 -0.005273
19 53 53 -0.001694
19 54 54 0.003304
19 53 53 0.001192
65 48 48 0.006061
65 48 48 0.001088
65 48 48 0.006281
65 48 48 0.004791
65 48 48 0.000307
63 51 51 -0.002062
63 51 51 -0.004065
19 55 55 -0.001052
19 55 55 -0.002409
63 52 52 -0.004018
65 47 47 -0.005627
65 47 47 -0.009982
63 54 54 0.003921
19 57 57 0.001101
19 57 57 0.001478
63 55 55 -0.002944
19 58 58 0.003425
65 47 47 -0.010098
65 47 47 -0.001916
119 115 115 0.007308
65 46 46 -0.013043
119 114 114 0.003926
65 46 46 -0.011957
63 55 55 0.001261
63 55 55 0.002391
19 59 59 -0.000214
65 46 46 0.010357
65 46 46 0.010363
19 61 61 0.002404
19 62 62 0.000862
65 45 45 -0.000707
65 45 45 -0.001626
8 37 37 0.001266
65 45 45 -0.005418
63 55 55 0.001198
20 46 46 -0.001810
20 46 46 -0.001450
63 57 57 0.001790
63 55 55 -0.000313
63 56 56 -0.001447
20 46 46 0.001397
63 55 55 -0.001725
20 48 48 0.005732
63 57 57 -0.002001
20 48 48 0.001589
65 45 45 -0.003159
63 55 55 0.001112
20 49 49 -0.005372
20 50 50 -0.003241
20 49 49 -0.001594
65 45 45 -0.000776
65 44 44 -0.000057
65 44 44 0.000888
20 51 51 0.001091
20 50 50 0.000768
20 51 51 0.003768
20 51 51 0.010472
63 55 55 -0.002687
65 44 44 0.000559
65 44 44 -0.000684
63 56 56 0.000605
20 51 51 -0.011470
20 51 51 -0.002953
20 52 52 -0.004264
20 52 52 -0.002155
63 56 56 -0.001036
20 52 52 0.001077
20 52 52 0.002106
20 51 51 0.001752
20 52 52 0.009429
20 52 52 0.010165
20 53 53 0.005002
63 55 55 -0.000758
63 56 56 0.000764
20 53 53 0.000706
20 53 53 -0.001064
20 52 52 -0.001037
63 56 56 0.001680
63 55 55 0.002807
63 55 55 0.001527
63 56 56 0.000422
63 55 55 -0.000690
20 54 54 -0.006865
20 54 54 -0.004021
63 55 55 -0.002351
20 53 53 0.000014
20 54 54 0.002934
20 54 54 0.004179
63 55 55 -0.003342
63 55 55 -0.001600
20 54 54 0.004111
63 55 55 -0.000243
63 55 55 0.000602
63 55 55 0.002424
20 55 55 0.001717
20 54 54 -0.000393
63 55 55 0.002059
63 54 54 0.002703
20 55 55 -0.008202
20 55 55 -0.003681
20 55 55 -0.001989
63 54 54 0.001448
63 55 55 0.000045
63 55 55 0.000019
20 55 55 -0.003489
20 56 56 -0.002040
20 56 56 0.008555
63 53 53 -0.000515
63 53 53 -0.002084
20 57 57 0.004970
63 54 54 0.001421
20 57 57 0.001755
20 57 57 -0.004829
20 58 58 -0.002871
20 58 58 -0.001749
63 54 54 -0.002915
63 53 53 -0.001353
20 58 58 -0.004170
20 59 59 0.000367
20 58 58 0.001960
63 54 54 -0.001921
20 59 59 0.002181
20 59 59 0.003909
20 59 59 0.002321
63 55 55 0.000205
20 59 59 0.004955
63 54 54 0.001730
63 54 54 0.002536
20 59 59 0.001930
20 59 59 0.001820
20 60 60 0.002584
20 60 60 -0.003610
20 60 60 -0.003668
20 60 60 -0.003737
20 60 60 -0.001701
20 62 62 -0.001513
21 57 57 -0.001761
63 57 57 -0.001084
21 56 56 -0.002844
21 57 57 0.001608
21 57 57 0.003533
21 57 57 0.002270
63 57 57 0.000740
21 57 57 0.001775
21 56 56 0.000815
63 57 57 0.000060
21 57 57 -0.000081
21 57 57 -0.006085
63 56 56 -0.002011
63 56 56 -0.001811
21 58 58 -0.001151
21 58 58 -0.001737
63 58 58 0.000287
63 57 57 0.001350
63 58 58 0.000885
21 59 59 0.004373
21 59 59 0.003638
21 58 58 0.001096
21 59 59 0.001165
21 59 59 -0.000105
21 59 59 -0.000274
21 60 60 -0.003350
21 60 60 -0.001402
63 55 55 -0.001145
21 61 61 -0.001652
21 60 60 -0.001234
21 62 62 0.002164
21 62 62 0.002192
21 62 62 0.001962
21 62 62 0.001593
21 62 62 0.001327
21 62 62 0.001314
63 53 53 -0.000792
63 53 53 -0.000339
22 45 45 -0.001338
22 45 45 0.001318
22 45 45 0.001413
22 46 46 0.002271
63 52 52 0.000452
22 47 47 0.003241
63 51 51 -0.000424
22 48 48 -0.002168
63 51 51 -0.000056
22 48 48 -0.004076
22 48 48 -0.002708
22 50 50 0.001514
22 49 49 0.002020
22 49 49 0.003012
63 52 52 0.001180
22 49 49 0.001484
22 49 49 0.002145
63 52 52 -0.000294
22 50 50 0.008027
22 50 50 -0.001268
22 50 50 -0.002934
63 52 52 -0.001741
64 47 47 -0.010075
63 53 53 0.000000
22 50 50 -0.007645
117 117 117 0.002159
63 53 53 0.001820
22 52 52 -0.000564
63 53 53 0.001238
22 51 51 0.001418
64 47 47 0.001936
22 52 52 0.004265
22 52 52 0.009671
22 52 52 0.012267
22 53 53 0.003136
63 55 55 -0.001783
63 56 56 -0.001371
63 55 55 -0.000997
63 57 57 -0.000497
22 52 52 -0.002490
64 39 39 0.000503
64 39 39 0.000840
63 58 58 0.001063
63 58 58 0.001211
64 47 47 0.001161
64 46 46 0.011750
64 41 41 0.000108
64 40 40 -0.000632
22 54 54 0.002338
22 53 53 0.001543
64 41 41 -0.000611
64 46 46 -0.011511
64 41 41 0.000185
64 41 41 0.000457
22 53 53 -0.005265
22 54 54 -0.004356
64 41 41 0.001853
64 41 41 0.001540
64 46 46 0.004401
22 54 54 -0.001990
22 54 54 -0.004289
64 46 46 0.001724
64 46 46 0.001161
22 54 54 -0.000627
22 55 55 0.000375
22 55 55 0.000463
22 56 56 0.005733
64 45 45 -0.000476
117 114 114 0.002184
64 46 46 -0.006179
64 43 43 -0.000900
64 42 42 -0.000450
22 55 55 0.004471
22 55 55 0.002245
64 42 42 -0.000129
22 55 55 0.001116
22 55 55 0.000455
22 56 56 -0.002864
22 57 57 -0.001940
64 44 44 0.001055
22 57 57 -0.008225
22 56 56 -0.001640
22 56 56 -0.007732
22 56 56 -0.005960
22 56 56 -0.005319
22 57 57 -0.001197
22 57 57 0.003934
22 57 57 0.001529
64 44 44 -0.001945
64 44 44 -0.001260
64 44 44 -0.000976
22 58 58 -0.005029
22 58 58 -0.003622
22 58 58 -0.006747
22 58 58 -0.006770
64 45 45 0.001042
64 45 45 0.000078
64 45 45 0.002273
22 58 58 -0.003834
22 58 58 0.002221
22 59 59 0.001311
64 44 44 0.000593
22 59 59 0.004657
22 59 59 -0.004804
22 59 59 -0.002988
22 59 59 -0.005049
22 60 60 -0.001135
22 59 59 0.001097
22 58 58 0.000708
22 59 59 0.001701
22 59 59 -0.002706
22 60 60 -0.003592
23 58 58 -0.006524
24 47 47 0.000718
24 48 48 0.001392
24 47 47 0.001232
24 48 48 -0.000295
24 48 48 -0.001154
24 50 50 -0.000498
24 50 50 0.000125
24 51 51 -0.001867
24 51 51 -0.002941
24 50 50 -0.001227
24 51 51 0.000875
24 52 52 0.000828
24 51 51 0.002139
24 52 52 -0.002315
24 52 52 -0.002207
24 53 53 -0.000504
24 52 52 -0.000005
24 52 52 0.000139
24 52 52 0.003215
64 44 44 0.002625
24 53 53 -0.008484
24 53 53 -0.008071
24 53 53 -0.008998
24 53 53 0.009496
24 53 53 0.010191
64 46 46 0.002544
24 54 54 -0.002974
24 55 55 0.001835
24 55 55 0.004515
24 55 55 -0.000918
24 55 55 -0.008592
24 55 55 -0.004858
24 55 55 -0.005735
24 56 56 -0.004242
24 56 56 -0.006056
24 58 58 -0.001500
24 58 58 -0.005303
24 58 58 -0.004629
24 58 58 -0.001594
25 57 57 -0.001648
25 57 57 -0.001869
25 58 58 -0.001207
25 58 58 0.000591
25 58 58 0.000687
25 58 58 0.004248
25 58 58 -0.001133
25 58 58 -0.001673
25 59 59 -0.004026
25 61 61 0.000974
25 61 61 0.001467
25 61 61 0.001812
25 62 62 -0.000211
26 48 48 -0.000697
26 48 48 -0.000695
